(kicad_pcb (version 20171130) (host pcbnew "(5.0.0-3-g5ebb6b6)")

  (general
    (thickness 1.6)
    (drawings 42)
    (tracks 280)
    (zones 0)
    (modules 43)
    (nets 28)
  )

  (page A4)
  (layers
    (0 F.Cu signal)
    (31 B.Cu signal)
    (32 B.Adhes user)
    (33 F.Adhes user)
    (34 B.Paste user)
    (35 F.Paste user)
    (36 B.SilkS user)
    (37 F.SilkS user)
    (38 B.Mask user)
    (39 F.Mask user)
    (40 Dwgs.User user hide)
    (41 Cmts.User user)
    (42 Eco1.User user)
    (43 Eco2.User user)
    (44 Edge.Cuts user)
    (45 Margin user)
    (46 B.CrtYd user)
    (47 F.CrtYd user)
    (48 B.Fab user)
    (49 F.Fab user)
  )

  (setup
    (last_trace_width 0.4)
    (trace_clearance 0.3)
    (zone_clearance 0.635)
    (zone_45_only no)
    (trace_min 0.2)
    (segment_width 0.2)
    (edge_width 0.2)
    (via_size 0.8)
    (via_drill 0.4)
    (via_min_size 0.4)
    (via_min_drill 0.3)
    (uvia_size 0.3)
    (uvia_drill 0.1)
    (uvias_allowed no)
    (uvia_min_size 0.2)
    (uvia_min_drill 0.1)
    (pcb_text_width 0.3)
    (pcb_text_size 1.5 1.5)
    (mod_edge_width 0.15)
    (mod_text_size 1 1)
    (mod_text_width 0.15)
    (pad_size 3 1.5)
    (pad_drill 0)
    (pad_to_mask_clearance 0.2)
    (aux_axis_origin 0 0)
    (grid_origin 144.9 148.5)
    (visible_elements FFFDEF7F)
    (pcbplotparams
      (layerselection 0x010fc_ffffffff)
      (usegerberextensions false)
      (usegerberattributes false)
      (usegerberadvancedattributes false)
      (creategerberjobfile false)
      (excludeedgelayer true)
      (linewidth 0.100000)
      (plotframeref false)
      (viasonmask false)
      (mode 1)
      (useauxorigin false)
      (hpglpennumber 1)
      (hpglpenspeed 20)
      (hpglpendiameter 15.000000)
      (psnegative false)
      (psa4output false)
      (plotreference true)
      (plotvalue true)
      (plotinvisibletext false)
      (padsonsilk false)
      (subtractmaskfromsilk false)
      (outputformat 1)
      (mirror false)
      (drillshape 1)
      (scaleselection 1)
      (outputdirectory ""))
  )

  (net 0 "")
  (net 1 "Net-(D1-Pad2)")
  (net 2 "Net-(D2-Pad2)")
  (net 3 LED1_LOW)
  (net 4 GND)
  (net 5 "Net-(D3-Pad2)")
  (net 6 "Net-(D4-Pad2)")
  (net 7 VCC)
  (net 8 SW1)
  (net 9 SW2)
  (net 10 SW3)
  (net 11 SW4)
  (net 12 LED3_HIGH)
  (net 13 LED4_HIGH)
  (net 14 LED2_LOW)
  (net 15 SW5)
  (net 16 MISO)
  (net 17 MOSI)
  (net 18 LED_DIM_PWM)
  (net 19 OUT_LATCH)
  (net 20 CHAIN_SERIAL_OUT)
  (net 21 CHAIN_SERIAL_IN)
  (net 22 IN_LATCH)
  (net 23 "Net-(TP4-Pad1)")
  (net 24 "Net-(TP5-Pad1)")
  (net 25 "Net-(TP6-Pad1)")
  (net 26 "Net-(TP7-Pad1)")
  (net 27 CLK)

  (net_class Default "This is the default net class."
    (clearance 0.3)
    (trace_width 0.4)
    (via_dia 0.8)
    (via_drill 0.4)
    (uvia_dia 0.3)
    (uvia_drill 0.1)
    (add_net CHAIN_SERIAL_IN)
    (add_net CHAIN_SERIAL_OUT)
    (add_net CLK)
    (add_net GND)
    (add_net IN_LATCH)
    (add_net LED1_LOW)
    (add_net LED2_LOW)
    (add_net LED3_HIGH)
    (add_net LED4_HIGH)
    (add_net LED_DIM_PWM)
    (add_net MISO)
    (add_net MOSI)
    (add_net "Net-(D1-Pad2)")
    (add_net "Net-(D2-Pad2)")
    (add_net "Net-(D3-Pad2)")
    (add_net "Net-(D4-Pad2)")
    (add_net "Net-(TP4-Pad1)")
    (add_net "Net-(TP5-Pad1)")
    (add_net "Net-(TP6-Pad1)")
    (add_net "Net-(TP7-Pad1)")
    (add_net OUT_LATCH)
    (add_net SW1)
    (add_net SW2)
    (add_net SW3)
    (add_net SW4)
    (add_net SW5)
    (add_net VCC)
  )

  (module Connector_Harwin:Harwin_M20-89006xx_1x06_P2.54mm_Horizontal (layer B.Cu) (tedit 5B154A07) (tstamp 5BFD03A7)
    (at 61.08 93.319 270)
    (descr "Harwin Male Horizontal Surface Mount Single Row 2.54mm (0.1 inch) Pitch PCB Connector, M20-89006xx, 6 Pins per row (https://cdn.harwin.com/pdfs/M20-890.pdf), generated with kicad-footprint-generator")
    (tags "connector Harwin M20-890 horizontal")
    (path /5BFDAF66)
    (attr smd)
    (fp_text reference J1 (at -0.48 8.82 270) (layer B.SilkS)
      (effects (font (size 1 1) (thickness 0.15)) (justify mirror))
    )
    (fp_text value SWITCH (at -0.48 -8.82 270) (layer B.Fab)
      (effects (font (size 1 1) (thickness 0.15)) (justify mirror))
    )
    (fp_line (start -1.725 6.67) (end -6.425 6.67) (layer B.Fab) (width 0.1))
    (fp_line (start -6.425 6.67) (end -6.425 6.03) (layer B.Fab) (width 0.1))
    (fp_line (start -6.425 6.03) (end -1.725 6.03) (layer B.Fab) (width 0.1))
    (fp_line (start 0.775 6.67) (end 6.775 6.67) (layer B.Fab) (width 0.1))
    (fp_line (start 6.775 6.67) (end 6.775 6.03) (layer B.Fab) (width 0.1))
    (fp_line (start 6.775 6.03) (end 0.775 6.03) (layer B.Fab) (width 0.1))
    (fp_line (start -1.725 4.13) (end -6.425 4.13) (layer B.Fab) (width 0.1))
    (fp_line (start -6.425 4.13) (end -6.425 3.49) (layer B.Fab) (width 0.1))
    (fp_line (start -6.425 3.49) (end -1.725 3.49) (layer B.Fab) (width 0.1))
    (fp_line (start 0.775 4.13) (end 6.775 4.13) (layer B.Fab) (width 0.1))
    (fp_line (start 6.775 4.13) (end 6.775 3.49) (layer B.Fab) (width 0.1))
    (fp_line (start 6.775 3.49) (end 0.775 3.49) (layer B.Fab) (width 0.1))
    (fp_line (start -1.725 1.59) (end -6.425 1.59) (layer B.Fab) (width 0.1))
    (fp_line (start -6.425 1.59) (end -6.425 0.95) (layer B.Fab) (width 0.1))
    (fp_line (start -6.425 0.95) (end -1.725 0.95) (layer B.Fab) (width 0.1))
    (fp_line (start 0.775 1.59) (end 6.775 1.59) (layer B.Fab) (width 0.1))
    (fp_line (start 6.775 1.59) (end 6.775 0.95) (layer B.Fab) (width 0.1))
    (fp_line (start 6.775 0.95) (end 0.775 0.95) (layer B.Fab) (width 0.1))
    (fp_line (start -1.725 -0.95) (end -6.425 -0.95) (layer B.Fab) (width 0.1))
    (fp_line (start -6.425 -0.95) (end -6.425 -1.59) (layer B.Fab) (width 0.1))
    (fp_line (start -6.425 -1.59) (end -1.725 -1.59) (layer B.Fab) (width 0.1))
    (fp_line (start 0.775 -0.95) (end 6.775 -0.95) (layer B.Fab) (width 0.1))
    (fp_line (start 6.775 -0.95) (end 6.775 -1.59) (layer B.Fab) (width 0.1))
    (fp_line (start 6.775 -1.59) (end 0.775 -1.59) (layer B.Fab) (width 0.1))
    (fp_line (start -1.725 -3.49) (end -6.425 -3.49) (layer B.Fab) (width 0.1))
    (fp_line (start -6.425 -3.49) (end -6.425 -4.13) (layer B.Fab) (width 0.1))
    (fp_line (start -6.425 -4.13) (end -1.725 -4.13) (layer B.Fab) (width 0.1))
    (fp_line (start 0.775 -3.49) (end 6.775 -3.49) (layer B.Fab) (width 0.1))
    (fp_line (start 6.775 -3.49) (end 6.775 -4.13) (layer B.Fab) (width 0.1))
    (fp_line (start 6.775 -4.13) (end 0.775 -4.13) (layer B.Fab) (width 0.1))
    (fp_line (start -1.725 -6.03) (end -6.425 -6.03) (layer B.Fab) (width 0.1))
    (fp_line (start -6.425 -6.03) (end -6.425 -6.67) (layer B.Fab) (width 0.1))
    (fp_line (start -6.425 -6.67) (end -1.725 -6.67) (layer B.Fab) (width 0.1))
    (fp_line (start 0.775 -6.03) (end 6.775 -6.03) (layer B.Fab) (width 0.1))
    (fp_line (start 6.775 -6.03) (end 6.775 -6.67) (layer B.Fab) (width 0.1))
    (fp_line (start 6.775 -6.67) (end 0.775 -6.67) (layer B.Fab) (width 0.1))
    (fp_line (start -1.725 7.22) (end -1.325 7.62) (layer B.Fab) (width 0.1))
    (fp_line (start -1.325 7.62) (end 0.775 7.62) (layer B.Fab) (width 0.1))
    (fp_line (start 0.775 7.62) (end 0.775 -7.62) (layer B.Fab) (width 0.1))
    (fp_line (start 0.775 -7.62) (end -1.725 -7.62) (layer B.Fab) (width 0.1))
    (fp_line (start -1.725 -7.62) (end -1.725 7.22) (layer B.Fab) (width 0.1))
    (fp_line (start -1.845 7.74) (end 0.895 7.74) (layer B.SilkS) (width 0.12))
    (fp_line (start 0.895 7.74) (end 0.895 -7.74) (layer B.SilkS) (width 0.12))
    (fp_line (start 0.895 -7.74) (end -1.845 -7.74) (layer B.SilkS) (width 0.12))
    (fp_line (start -1.845 -7.74) (end -1.845 7.74) (layer B.SilkS) (width 0.12))
    (fp_line (start -3.955 6.79) (end -1.845 6.79) (layer B.SilkS) (width 0.12))
    (fp_line (start -3.955 5.91) (end -1.845 5.91) (layer B.SilkS) (width 0.12))
    (fp_line (start 0.895 6.79) (end 6.895 6.79) (layer B.SilkS) (width 0.12))
    (fp_line (start 6.895 6.79) (end 6.895 5.91) (layer B.SilkS) (width 0.12))
    (fp_line (start 6.895 5.91) (end 0.895 5.91) (layer B.SilkS) (width 0.12))
    (fp_line (start -3.955 4.25) (end -1.845 4.25) (layer B.SilkS) (width 0.12))
    (fp_line (start -3.955 3.37) (end -1.845 3.37) (layer B.SilkS) (width 0.12))
    (fp_line (start 0.895 4.25) (end 6.895 4.25) (layer B.SilkS) (width 0.12))
    (fp_line (start 6.895 4.25) (end 6.895 3.37) (layer B.SilkS) (width 0.12))
    (fp_line (start 6.895 3.37) (end 0.895 3.37) (layer B.SilkS) (width 0.12))
    (fp_line (start -3.955 1.71) (end -1.845 1.71) (layer B.SilkS) (width 0.12))
    (fp_line (start -3.955 0.83) (end -1.845 0.83) (layer B.SilkS) (width 0.12))
    (fp_line (start 0.895 1.71) (end 6.895 1.71) (layer B.SilkS) (width 0.12))
    (fp_line (start 6.895 1.71) (end 6.895 0.83) (layer B.SilkS) (width 0.12))
    (fp_line (start 6.895 0.83) (end 0.895 0.83) (layer B.SilkS) (width 0.12))
    (fp_line (start -3.955 -0.83) (end -1.845 -0.83) (layer B.SilkS) (width 0.12))
    (fp_line (start -3.955 -1.71) (end -1.845 -1.71) (layer B.SilkS) (width 0.12))
    (fp_line (start 0.895 -0.83) (end 6.895 -0.83) (layer B.SilkS) (width 0.12))
    (fp_line (start 6.895 -0.83) (end 6.895 -1.71) (layer B.SilkS) (width 0.12))
    (fp_line (start 6.895 -1.71) (end 0.895 -1.71) (layer B.SilkS) (width 0.12))
    (fp_line (start -3.955 -3.37) (end -1.845 -3.37) (layer B.SilkS) (width 0.12))
    (fp_line (start -3.955 -4.25) (end -1.845 -4.25) (layer B.SilkS) (width 0.12))
    (fp_line (start 0.895 -3.37) (end 6.895 -3.37) (layer B.SilkS) (width 0.12))
    (fp_line (start 6.895 -3.37) (end 6.895 -4.25) (layer B.SilkS) (width 0.12))
    (fp_line (start 6.895 -4.25) (end 0.895 -4.25) (layer B.SilkS) (width 0.12))
    (fp_line (start -3.955 -5.91) (end -1.845 -5.91) (layer B.SilkS) (width 0.12))
    (fp_line (start -3.955 -6.79) (end -1.845 -6.79) (layer B.SilkS) (width 0.12))
    (fp_line (start 0.895 -5.91) (end 6.895 -5.91) (layer B.SilkS) (width 0.12))
    (fp_line (start 6.895 -5.91) (end 6.895 -6.79) (layer B.SilkS) (width 0.12))
    (fp_line (start 6.895 -6.79) (end 0.895 -6.79) (layer B.SilkS) (width 0.12))
    (fp_line (start -7.095 6.35) (end -7.095 7.17) (layer B.SilkS) (width 0.12))
    (fp_line (start -7.095 7.17) (end -5.525 7.17) (layer B.SilkS) (width 0.12))
    (fp_line (start -7.28 8.12) (end 7.28 8.12) (layer B.CrtYd) (width 0.05))
    (fp_line (start 7.28 8.12) (end 7.28 -8.12) (layer B.CrtYd) (width 0.05))
    (fp_line (start 7.28 -8.12) (end -7.28 -8.12) (layer B.CrtYd) (width 0.05))
    (fp_line (start -7.28 -8.12) (end -7.28 8.12) (layer B.CrtYd) (width 0.05))
    (fp_text user %R (at -0.48 0 180) (layer B.Fab)
      (effects (font (size 1 1) (thickness 0.15)) (justify mirror))
    )
    (pad 1 smd rect (at -5.525 6.35 270) (size 2.5 1) (layers B.Cu B.Paste B.Mask)
      (net 17 MOSI))
    (pad 2 smd rect (at -5.525 3.81 270) (size 2.5 1) (layers B.Cu B.Paste B.Mask)
      (net 18 LED_DIM_PWM))
    (pad 3 smd rect (at -5.525 1.27 270) (size 2.5 1) (layers B.Cu B.Paste B.Mask)
      (net 19 OUT_LATCH))
    (pad 4 smd rect (at -5.525 -1.27 270) (size 2.5 1) (layers B.Cu B.Paste B.Mask)
      (net 27 CLK))
    (pad 5 smd rect (at -5.525 -3.81 270) (size 2.5 1) (layers B.Cu B.Paste B.Mask)
      (net 20 CHAIN_SERIAL_OUT))
    (pad 6 smd rect (at -5.525 -6.35 270) (size 2.5 1) (layers B.Cu B.Paste B.Mask)
      (net 4 GND))
    (pad "" smd rect (at 3.895 6.35 270) (size 6 0.76) (layers B.SilkS))
    (model ${KISYS3DMOD}/Connector_Harwin.3dshapes/Harwin_M20-89006xx_1x06_P2.54mm_Horizontal.wrl
      (at (xyz 0 0 0))
      (scale (xyz 1 1 1))
      (rotate (xyz 0 0 0))
    )
  )

  (module Package_SO:SOIC-16_3.9x9.9mm_P1.27mm (layer B.Cu) (tedit 5A02F2D3) (tstamp 5BFD0044)
    (at 51.106889 74.729023 180)
    (descr "16-Lead Plastic Small Outline (SL) - Narrow, 3.90 mm Body [SOIC] (see Microchip Packaging Specification 00000049BS.pdf)")
    (tags "SOIC 1.27")
    (path /5BFA5CB2)
    (attr smd)
    (fp_text reference U1 (at 0 6 180) (layer B.SilkS)
      (effects (font (size 1 1) (thickness 0.15)) (justify mirror))
    )
    (fp_text value 74HC595 (at 0 -6 180) (layer B.Fab)
      (effects (font (size 1 1) (thickness 0.15)) (justify mirror))
    )
    (fp_line (start -2.075 5.05) (end -3.45 5.05) (layer B.SilkS) (width 0.15))
    (fp_line (start -2.075 -5.075) (end 2.075 -5.075) (layer B.SilkS) (width 0.15))
    (fp_line (start -2.075 5.075) (end 2.075 5.075) (layer B.SilkS) (width 0.15))
    (fp_line (start -2.075 -5.075) (end -2.075 -4.97) (layer B.SilkS) (width 0.15))
    (fp_line (start 2.075 -5.075) (end 2.075 -4.97) (layer B.SilkS) (width 0.15))
    (fp_line (start 2.075 5.075) (end 2.075 4.97) (layer B.SilkS) (width 0.15))
    (fp_line (start -2.075 5.075) (end -2.075 5.05) (layer B.SilkS) (width 0.15))
    (fp_line (start -3.7 -5.25) (end 3.7 -5.25) (layer B.CrtYd) (width 0.05))
    (fp_line (start -3.7 5.25) (end 3.7 5.25) (layer B.CrtYd) (width 0.05))
    (fp_line (start 3.7 5.25) (end 3.7 -5.25) (layer B.CrtYd) (width 0.05))
    (fp_line (start -3.7 5.25) (end -3.7 -5.25) (layer B.CrtYd) (width 0.05))
    (fp_line (start -1.95 3.95) (end -0.95 4.95) (layer B.Fab) (width 0.15))
    (fp_line (start -1.95 -4.95) (end -1.95 3.95) (layer B.Fab) (width 0.15))
    (fp_line (start 1.95 -4.95) (end -1.95 -4.95) (layer B.Fab) (width 0.15))
    (fp_line (start 1.95 4.95) (end 1.95 -4.95) (layer B.Fab) (width 0.15))
    (fp_line (start -0.95 4.95) (end 1.95 4.95) (layer B.Fab) (width 0.15))
    (fp_text user %R (at 0 0 180) (layer B.Fab)
      (effects (font (size 0.9 0.9) (thickness 0.135)) (justify mirror))
    )
    (pad 16 smd rect (at 2.7 4.445 180) (size 1.5 0.6) (layers B.Cu B.Paste B.Mask)
      (net 7 VCC))
    (pad 15 smd rect (at 2.7 3.175 180) (size 1.5 0.6) (layers B.Cu B.Paste B.Mask)
      (net 3 LED1_LOW))
    (pad 14 smd rect (at 2.7 1.905 180) (size 1.5 0.6) (layers B.Cu B.Paste B.Mask)
      (net 17 MOSI))
    (pad 13 smd rect (at 2.7 0.635 180) (size 1.5 0.6) (layers B.Cu B.Paste B.Mask)
      (net 18 LED_DIM_PWM))
    (pad 12 smd rect (at 2.7 -0.635 180) (size 1.5 0.6) (layers B.Cu B.Paste B.Mask)
      (net 19 OUT_LATCH))
    (pad 11 smd rect (at 2.7 -1.905 180) (size 1.5 0.6) (layers B.Cu B.Paste B.Mask)
      (net 27 CLK))
    (pad 10 smd rect (at 2.7 -3.175 180) (size 1.5 0.6) (layers B.Cu B.Paste B.Mask)
      (net 7 VCC))
    (pad 9 smd rect (at 2.7 -4.445 180) (size 1.5 0.6) (layers B.Cu B.Paste B.Mask)
      (net 20 CHAIN_SERIAL_OUT))
    (pad 8 smd rect (at -2.7 -4.445 180) (size 1.5 0.6) (layers B.Cu B.Paste B.Mask)
      (net 4 GND))
    (pad 7 smd rect (at -2.7 -3.175 180) (size 1.5 0.6) (layers B.Cu B.Paste B.Mask)
      (net 26 "Net-(TP7-Pad1)"))
    (pad 6 smd rect (at -2.7 -1.905 180) (size 1.5 0.6) (layers B.Cu B.Paste B.Mask)
      (net 25 "Net-(TP6-Pad1)"))
    (pad 5 smd rect (at -2.7 -0.635 180) (size 1.5 0.6) (layers B.Cu B.Paste B.Mask)
      (net 24 "Net-(TP5-Pad1)"))
    (pad 4 smd rect (at -2.7 0.635 180) (size 1.5 0.6) (layers B.Cu B.Paste B.Mask)
      (net 23 "Net-(TP4-Pad1)"))
    (pad 3 smd rect (at -2.7 1.905 180) (size 1.5 0.6) (layers B.Cu B.Paste B.Mask)
      (net 13 LED4_HIGH))
    (pad 2 smd rect (at -2.7 3.175 180) (size 1.5 0.6) (layers B.Cu B.Paste B.Mask)
      (net 12 LED3_HIGH))
    (pad 1 smd rect (at -2.7 4.445 180) (size 1.5 0.6) (layers B.Cu B.Paste B.Mask)
      (net 14 LED2_LOW))
    (model ${KISYS3DMOD}/Package_SO.3dshapes/SOIC-16_3.9x9.9mm_P1.27mm.wrl
      (at (xyz 0 0 0))
      (scale (xyz 1 1 1))
      (rotate (xyz 0 0 0))
    )
  )

  (module Resistor_SMD:R_0603_1608Metric_Pad1.05x0.95mm_HandSolder (layer B.Cu) (tedit 5B301BBD) (tstamp 5C07CDF9)
    (at 113.404 55.141 90)
    (descr "Resistor SMD 0603 (1608 Metric), square (rectangular) end terminal, IPC_7351 nominal with elongated pad for handsoldering. (Body size source: http://www.tortai-tech.com/upload/download/2011102023233369053.pdf), generated with kicad-footprint-generator")
    (tags "resistor handsolder")
    (path /5BEF38C6)
    (attr smd)
    (fp_text reference R7 (at 0 1.43 90) (layer B.SilkS)
      (effects (font (size 1 1) (thickness 0.15)) (justify mirror))
    )
    (fp_text value R (at 0 -1.43 90) (layer B.Fab)
      (effects (font (size 1 1) (thickness 0.15)) (justify mirror))
    )
    (fp_text user %R (at 0 0 90) (layer B.Fab)
      (effects (font (size 0.4 0.4) (thickness 0.06)) (justify mirror))
    )
    (fp_line (start 1.65 -0.73) (end -1.65 -0.73) (layer B.CrtYd) (width 0.05))
    (fp_line (start 1.65 0.73) (end 1.65 -0.73) (layer B.CrtYd) (width 0.05))
    (fp_line (start -1.65 0.73) (end 1.65 0.73) (layer B.CrtYd) (width 0.05))
    (fp_line (start -1.65 -0.73) (end -1.65 0.73) (layer B.CrtYd) (width 0.05))
    (fp_line (start -0.171267 -0.51) (end 0.171267 -0.51) (layer B.SilkS) (width 0.12))
    (fp_line (start -0.171267 0.51) (end 0.171267 0.51) (layer B.SilkS) (width 0.12))
    (fp_line (start 0.8 -0.4) (end -0.8 -0.4) (layer B.Fab) (width 0.1))
    (fp_line (start 0.8 0.4) (end 0.8 -0.4) (layer B.Fab) (width 0.1))
    (fp_line (start -0.8 0.4) (end 0.8 0.4) (layer B.Fab) (width 0.1))
    (fp_line (start -0.8 -0.4) (end -0.8 0.4) (layer B.Fab) (width 0.1))
    (pad 2 smd roundrect (at 0.875 0 90) (size 1.05 0.95) (layers B.Cu B.Paste B.Mask) (roundrect_rratio 0.25)
      (net 6 "Net-(D4-Pad2)"))
    (pad 1 smd roundrect (at -0.875 0 90) (size 1.05 0.95) (layers B.Cu B.Paste B.Mask) (roundrect_rratio 0.25)
      (net 13 LED4_HIGH))
    (model ${KISYS3DMOD}/Resistor_SMD.3dshapes/R_0603_1608Metric.wrl
      (at (xyz 0 0 0))
      (scale (xyz 1 1 1))
      (rotate (xyz 0 0 0))
    )
  )

  (module Resistor_SMD:R_0603_1608Metric_Pad1.05x0.95mm_HandSolder (layer B.Cu) (tedit 5B301BBD) (tstamp 5C07CD93)
    (at 81.908 80.315 270)
    (descr "Resistor SMD 0603 (1608 Metric), square (rectangular) end terminal, IPC_7351 nominal with elongated pad for handsoldering. (Body size source: http://www.tortai-tech.com/upload/download/2011102023233369053.pdf), generated with kicad-footprint-generator")
    (tags "resistor handsolder")
    (path /5BEF1921)
    (attr smd)
    (fp_text reference R1 (at 0 1.43 270) (layer B.SilkS)
      (effects (font (size 1 1) (thickness 0.15)) (justify mirror))
    )
    (fp_text value 10k (at 0 -1.43 270) (layer B.Fab)
      (effects (font (size 1 1) (thickness 0.15)) (justify mirror))
    )
    (fp_line (start -0.8 -0.4) (end -0.8 0.4) (layer B.Fab) (width 0.1))
    (fp_line (start -0.8 0.4) (end 0.8 0.4) (layer B.Fab) (width 0.1))
    (fp_line (start 0.8 0.4) (end 0.8 -0.4) (layer B.Fab) (width 0.1))
    (fp_line (start 0.8 -0.4) (end -0.8 -0.4) (layer B.Fab) (width 0.1))
    (fp_line (start -0.171267 0.51) (end 0.171267 0.51) (layer B.SilkS) (width 0.12))
    (fp_line (start -0.171267 -0.51) (end 0.171267 -0.51) (layer B.SilkS) (width 0.12))
    (fp_line (start -1.65 -0.73) (end -1.65 0.73) (layer B.CrtYd) (width 0.05))
    (fp_line (start -1.65 0.73) (end 1.65 0.73) (layer B.CrtYd) (width 0.05))
    (fp_line (start 1.65 0.73) (end 1.65 -0.73) (layer B.CrtYd) (width 0.05))
    (fp_line (start 1.65 -0.73) (end -1.65 -0.73) (layer B.CrtYd) (width 0.05))
    (fp_text user %R (at 0 0 270) (layer B.Fab)
      (effects (font (size 0.4 0.4) (thickness 0.06)) (justify mirror))
    )
    (pad 1 smd roundrect (at -0.875 0 270) (size 1.05 0.95) (layers B.Cu B.Paste B.Mask) (roundrect_rratio 0.25)
      (net 7 VCC))
    (pad 2 smd roundrect (at 0.875 0 270) (size 1.05 0.95) (layers B.Cu B.Paste B.Mask) (roundrect_rratio 0.25)
      (net 8 SW1))
    (model ${KISYS3DMOD}/Resistor_SMD.3dshapes/R_0603_1608Metric.wrl
      (at (xyz 0 0 0))
      (scale (xyz 1 1 1))
      (rotate (xyz 0 0 0))
    )
  )

  (module Resistor_SMD:R_0603_1608Metric_Pad1.05x0.95mm_HandSolder (layer B.Cu) (tedit 5B301BBD) (tstamp 5C07CDA4)
    (at 41.776 51.105 90)
    (descr "Resistor SMD 0603 (1608 Metric), square (rectangular) end terminal, IPC_7351 nominal with elongated pad for handsoldering. (Body size source: http://www.tortai-tech.com/upload/download/2011102023233369053.pdf), generated with kicad-footprint-generator")
    (tags "resistor handsolder")
    (path /5BEF1DB2)
    (attr smd)
    (fp_text reference R2 (at 0 1.43 90) (layer B.SilkS)
      (effects (font (size 1 1) (thickness 0.15)) (justify mirror))
    )
    (fp_text value R (at 0 -1.43 90) (layer B.Fab)
      (effects (font (size 1 1) (thickness 0.15)) (justify mirror))
    )
    (fp_text user %R (at 0 0 90) (layer B.Fab)
      (effects (font (size 0.4 0.4) (thickness 0.06)) (justify mirror))
    )
    (fp_line (start 1.65 -0.73) (end -1.65 -0.73) (layer B.CrtYd) (width 0.05))
    (fp_line (start 1.65 0.73) (end 1.65 -0.73) (layer B.CrtYd) (width 0.05))
    (fp_line (start -1.65 0.73) (end 1.65 0.73) (layer B.CrtYd) (width 0.05))
    (fp_line (start -1.65 -0.73) (end -1.65 0.73) (layer B.CrtYd) (width 0.05))
    (fp_line (start -0.171267 -0.51) (end 0.171267 -0.51) (layer B.SilkS) (width 0.12))
    (fp_line (start -0.171267 0.51) (end 0.171267 0.51) (layer B.SilkS) (width 0.12))
    (fp_line (start 0.8 -0.4) (end -0.8 -0.4) (layer B.Fab) (width 0.1))
    (fp_line (start 0.8 0.4) (end 0.8 -0.4) (layer B.Fab) (width 0.1))
    (fp_line (start -0.8 0.4) (end 0.8 0.4) (layer B.Fab) (width 0.1))
    (fp_line (start -0.8 -0.4) (end -0.8 0.4) (layer B.Fab) (width 0.1))
    (pad 2 smd roundrect (at 0.875 0 90) (size 1.05 0.95) (layers B.Cu B.Paste B.Mask) (roundrect_rratio 0.25)
      (net 1 "Net-(D1-Pad2)"))
    (pad 1 smd roundrect (at -0.875 0 90) (size 1.05 0.95) (layers B.Cu B.Paste B.Mask) (roundrect_rratio 0.25)
      (net 7 VCC))
    (model ${KISYS3DMOD}/Resistor_SMD.3dshapes/R_0603_1608Metric.wrl
      (at (xyz 0 0 0))
      (scale (xyz 1 1 1))
      (rotate (xyz 0 0 0))
    )
  )

  (module Resistor_SMD:R_0603_1608Metric_Pad1.05x0.95mm_HandSolder (layer B.Cu) (tedit 5B301BBD) (tstamp 5C009BCE)
    (at 60.318 55.677 270)
    (descr "Resistor SMD 0603 (1608 Metric), square (rectangular) end terminal, IPC_7351 nominal with elongated pad for handsoldering. (Body size source: http://www.tortai-tech.com/upload/download/2011102023233369053.pdf), generated with kicad-footprint-generator")
    (tags "resistor handsolder")
    (path /5BEF205C)
    (attr smd)
    (fp_text reference R3 (at 0 1.43 270) (layer B.SilkS)
      (effects (font (size 1 1) (thickness 0.15)) (justify mirror))
    )
    (fp_text value 10k (at 0 -1.43 270) (layer B.Fab)
      (effects (font (size 1 1) (thickness 0.15)) (justify mirror))
    )
    (fp_line (start -0.8 -0.4) (end -0.8 0.4) (layer B.Fab) (width 0.1))
    (fp_line (start -0.8 0.4) (end 0.8 0.4) (layer B.Fab) (width 0.1))
    (fp_line (start 0.8 0.4) (end 0.8 -0.4) (layer B.Fab) (width 0.1))
    (fp_line (start 0.8 -0.4) (end -0.8 -0.4) (layer B.Fab) (width 0.1))
    (fp_line (start -0.171267 0.51) (end 0.171267 0.51) (layer B.SilkS) (width 0.12))
    (fp_line (start -0.171267 -0.51) (end 0.171267 -0.51) (layer B.SilkS) (width 0.12))
    (fp_line (start -1.65 -0.73) (end -1.65 0.73) (layer B.CrtYd) (width 0.05))
    (fp_line (start -1.65 0.73) (end 1.65 0.73) (layer B.CrtYd) (width 0.05))
    (fp_line (start 1.65 0.73) (end 1.65 -0.73) (layer B.CrtYd) (width 0.05))
    (fp_line (start 1.65 -0.73) (end -1.65 -0.73) (layer B.CrtYd) (width 0.05))
    (fp_text user %R (at 0 0 270) (layer B.Fab)
      (effects (font (size 0.4 0.4) (thickness 0.06)) (justify mirror))
    )
    (pad 1 smd roundrect (at -0.875 0 270) (size 1.05 0.95) (layers B.Cu B.Paste B.Mask) (roundrect_rratio 0.25)
      (net 7 VCC))
    (pad 2 smd roundrect (at 0.875 0 270) (size 1.05 0.95) (layers B.Cu B.Paste B.Mask) (roundrect_rratio 0.25)
      (net 9 SW2))
    (model ${KISYS3DMOD}/Resistor_SMD.3dshapes/R_0603_1608Metric.wrl
      (at (xyz 0 0 0))
      (scale (xyz 1 1 1))
      (rotate (xyz 0 0 0))
    )
  )

  (module Resistor_SMD:R_0603_1608Metric_Pad1.05x0.95mm_HandSolder (layer B.Cu) (tedit 5B301BBD) (tstamp 5C009B9E)
    (at 63.112 26.467 270)
    (descr "Resistor SMD 0603 (1608 Metric), square (rectangular) end terminal, IPC_7351 nominal with elongated pad for handsoldering. (Body size source: http://www.tortai-tech.com/upload/download/2011102023233369053.pdf), generated with kicad-footprint-generator")
    (tags "resistor handsolder")
    (path /5BEF2075)
    (attr smd)
    (fp_text reference R4 (at 0 1.43 270) (layer B.SilkS)
      (effects (font (size 1 1) (thickness 0.15)) (justify mirror))
    )
    (fp_text value R (at 0 -1.43 270) (layer B.Fab)
      (effects (font (size 1 1) (thickness 0.15)) (justify mirror))
    )
    (fp_text user %R (at 0 0 270) (layer B.Fab)
      (effects (font (size 0.4 0.4) (thickness 0.06)) (justify mirror))
    )
    (fp_line (start 1.65 -0.73) (end -1.65 -0.73) (layer B.CrtYd) (width 0.05))
    (fp_line (start 1.65 0.73) (end 1.65 -0.73) (layer B.CrtYd) (width 0.05))
    (fp_line (start -1.65 0.73) (end 1.65 0.73) (layer B.CrtYd) (width 0.05))
    (fp_line (start -1.65 -0.73) (end -1.65 0.73) (layer B.CrtYd) (width 0.05))
    (fp_line (start -0.171267 -0.51) (end 0.171267 -0.51) (layer B.SilkS) (width 0.12))
    (fp_line (start -0.171267 0.51) (end 0.171267 0.51) (layer B.SilkS) (width 0.12))
    (fp_line (start 0.8 -0.4) (end -0.8 -0.4) (layer B.Fab) (width 0.1))
    (fp_line (start 0.8 0.4) (end 0.8 -0.4) (layer B.Fab) (width 0.1))
    (fp_line (start -0.8 0.4) (end 0.8 0.4) (layer B.Fab) (width 0.1))
    (fp_line (start -0.8 -0.4) (end -0.8 0.4) (layer B.Fab) (width 0.1))
    (pad 2 smd roundrect (at 0.875 0 270) (size 1.05 0.95) (layers B.Cu B.Paste B.Mask) (roundrect_rratio 0.25)
      (net 2 "Net-(D2-Pad2)"))
    (pad 1 smd roundrect (at -0.875 0 270) (size 1.05 0.95) (layers B.Cu B.Paste B.Mask) (roundrect_rratio 0.25)
      (net 7 VCC))
    (model ${KISYS3DMOD}/Resistor_SMD.3dshapes/R_0603_1608Metric.wrl
      (at (xyz 0 0 0))
      (scale (xyz 1 1 1))
      (rotate (xyz 0 0 0))
    )
  )

  (module Resistor_SMD:R_0603_1608Metric_Pad1.05x0.95mm_HandSolder (layer B.Cu) (tedit 5B301BBD) (tstamp 5C07CDD7)
    (at 62.604 55.677 270)
    (descr "Resistor SMD 0603 (1608 Metric), square (rectangular) end terminal, IPC_7351 nominal with elongated pad for handsoldering. (Body size source: http://www.tortai-tech.com/upload/download/2011102023233369053.pdf), generated with kicad-footprint-generator")
    (tags "resistor handsolder")
    (path /5BEF2293)
    (attr smd)
    (fp_text reference R5 (at 0 1.43 270) (layer B.SilkS)
      (effects (font (size 1 1) (thickness 0.15)) (justify mirror))
    )
    (fp_text value 10k (at 0 -1.43 270) (layer B.Fab)
      (effects (font (size 1 1) (thickness 0.15)) (justify mirror))
    )
    (fp_line (start -0.8 -0.4) (end -0.8 0.4) (layer B.Fab) (width 0.1))
    (fp_line (start -0.8 0.4) (end 0.8 0.4) (layer B.Fab) (width 0.1))
    (fp_line (start 0.8 0.4) (end 0.8 -0.4) (layer B.Fab) (width 0.1))
    (fp_line (start 0.8 -0.4) (end -0.8 -0.4) (layer B.Fab) (width 0.1))
    (fp_line (start -0.171267 0.51) (end 0.171267 0.51) (layer B.SilkS) (width 0.12))
    (fp_line (start -0.171267 -0.51) (end 0.171267 -0.51) (layer B.SilkS) (width 0.12))
    (fp_line (start -1.65 -0.73) (end -1.65 0.73) (layer B.CrtYd) (width 0.05))
    (fp_line (start -1.65 0.73) (end 1.65 0.73) (layer B.CrtYd) (width 0.05))
    (fp_line (start 1.65 0.73) (end 1.65 -0.73) (layer B.CrtYd) (width 0.05))
    (fp_line (start 1.65 -0.73) (end -1.65 -0.73) (layer B.CrtYd) (width 0.05))
    (fp_text user %R (at 0 0 270) (layer B.Fab)
      (effects (font (size 0.4 0.4) (thickness 0.06)) (justify mirror))
    )
    (pad 1 smd roundrect (at -0.875 0 270) (size 1.05 0.95) (layers B.Cu B.Paste B.Mask) (roundrect_rratio 0.25)
      (net 7 VCC))
    (pad 2 smd roundrect (at 0.875 0 270) (size 1.05 0.95) (layers B.Cu B.Paste B.Mask) (roundrect_rratio 0.25)
      (net 10 SW3))
    (model ${KISYS3DMOD}/Resistor_SMD.3dshapes/R_0603_1608Metric.wrl
      (at (xyz 0 0 0))
      (scale (xyz 1 1 1))
      (rotate (xyz 0 0 0))
    )
  )

  (module Resistor_SMD:R_0603_1608Metric_Pad1.05x0.95mm_HandSolder (layer B.Cu) (tedit 5B301BBD) (tstamp 5C0095D8)
    (at 94.354 28.499 90)
    (descr "Resistor SMD 0603 (1608 Metric), square (rectangular) end terminal, IPC_7351 nominal with elongated pad for handsoldering. (Body size source: http://www.tortai-tech.com/upload/download/2011102023233369053.pdf), generated with kicad-footprint-generator")
    (tags "resistor handsolder")
    (path /5BEF22AC)
    (attr smd)
    (fp_text reference R6 (at 0 1.43 90) (layer B.SilkS)
      (effects (font (size 1 1) (thickness 0.15)) (justify mirror))
    )
    (fp_text value R (at 0 -1.43 90) (layer B.Fab)
      (effects (font (size 1 1) (thickness 0.15)) (justify mirror))
    )
    (fp_text user %R (at 0 0 90) (layer B.Fab)
      (effects (font (size 0.4 0.4) (thickness 0.06)) (justify mirror))
    )
    (fp_line (start 1.65 -0.73) (end -1.65 -0.73) (layer B.CrtYd) (width 0.05))
    (fp_line (start 1.65 0.73) (end 1.65 -0.73) (layer B.CrtYd) (width 0.05))
    (fp_line (start -1.65 0.73) (end 1.65 0.73) (layer B.CrtYd) (width 0.05))
    (fp_line (start -1.65 -0.73) (end -1.65 0.73) (layer B.CrtYd) (width 0.05))
    (fp_line (start -0.171267 -0.51) (end 0.171267 -0.51) (layer B.SilkS) (width 0.12))
    (fp_line (start -0.171267 0.51) (end 0.171267 0.51) (layer B.SilkS) (width 0.12))
    (fp_line (start 0.8 -0.4) (end -0.8 -0.4) (layer B.Fab) (width 0.1))
    (fp_line (start 0.8 0.4) (end 0.8 -0.4) (layer B.Fab) (width 0.1))
    (fp_line (start -0.8 0.4) (end 0.8 0.4) (layer B.Fab) (width 0.1))
    (fp_line (start -0.8 -0.4) (end -0.8 0.4) (layer B.Fab) (width 0.1))
    (pad 2 smd roundrect (at 0.875 0 90) (size 1.05 0.95) (layers B.Cu B.Paste B.Mask) (roundrect_rratio 0.25)
      (net 5 "Net-(D3-Pad2)"))
    (pad 1 smd roundrect (at -0.875 0 90) (size 1.05 0.95) (layers B.Cu B.Paste B.Mask) (roundrect_rratio 0.25)
      (net 12 LED3_HIGH))
    (model ${KISYS3DMOD}/Resistor_SMD.3dshapes/R_0603_1608Metric.wrl
      (at (xyz 0 0 0))
      (scale (xyz 1 1 1))
      (rotate (xyz 0 0 0))
    )
  )

  (module Resistor_SMD:R_0603_1608Metric_Pad1.05x0.95mm_HandSolder (layer B.Cu) (tedit 5B301BBD) (tstamp 5C07CE0A)
    (at 73.413 50.329)
    (descr "Resistor SMD 0603 (1608 Metric), square (rectangular) end terminal, IPC_7351 nominal with elongated pad for handsoldering. (Body size source: http://www.tortai-tech.com/upload/download/2011102023233369053.pdf), generated with kicad-footprint-generator")
    (tags "resistor handsolder")
    (path /5BEF38B3)
    (attr smd)
    (fp_text reference R8 (at 0 1.43) (layer B.SilkS)
      (effects (font (size 1 1) (thickness 0.15)) (justify mirror))
    )
    (fp_text value 10k (at 0 -1.43) (layer B.Fab)
      (effects (font (size 1 1) (thickness 0.15)) (justify mirror))
    )
    (fp_line (start -0.8 -0.4) (end -0.8 0.4) (layer B.Fab) (width 0.1))
    (fp_line (start -0.8 0.4) (end 0.8 0.4) (layer B.Fab) (width 0.1))
    (fp_line (start 0.8 0.4) (end 0.8 -0.4) (layer B.Fab) (width 0.1))
    (fp_line (start 0.8 -0.4) (end -0.8 -0.4) (layer B.Fab) (width 0.1))
    (fp_line (start -0.171267 0.51) (end 0.171267 0.51) (layer B.SilkS) (width 0.12))
    (fp_line (start -0.171267 -0.51) (end 0.171267 -0.51) (layer B.SilkS) (width 0.12))
    (fp_line (start -1.65 -0.73) (end -1.65 0.73) (layer B.CrtYd) (width 0.05))
    (fp_line (start -1.65 0.73) (end 1.65 0.73) (layer B.CrtYd) (width 0.05))
    (fp_line (start 1.65 0.73) (end 1.65 -0.73) (layer B.CrtYd) (width 0.05))
    (fp_line (start 1.65 -0.73) (end -1.65 -0.73) (layer B.CrtYd) (width 0.05))
    (fp_text user %R (at 0 0) (layer B.Fab)
      (effects (font (size 0.4 0.4) (thickness 0.06)) (justify mirror))
    )
    (pad 1 smd roundrect (at -0.875 0) (size 1.05 0.95) (layers B.Cu B.Paste B.Mask) (roundrect_rratio 0.25)
      (net 7 VCC))
    (pad 2 smd roundrect (at 0.875 0) (size 1.05 0.95) (layers B.Cu B.Paste B.Mask) (roundrect_rratio 0.25)
      (net 11 SW4))
    (model ${KISYS3DMOD}/Resistor_SMD.3dshapes/R_0603_1608Metric.wrl
      (at (xyz 0 0 0))
      (scale (xyz 1 1 1))
      (rotate (xyz 0 0 0))
    )
  )

  (module Resistor_SMD:R_0603_1608Metric_Pad1.05x0.95mm_HandSolder (layer B.Cu) (tedit 5BFA6DF1) (tstamp 5C07CE1B)
    (at 94.354 62.027 90)
    (descr "Resistor SMD 0603 (1608 Metric), square (rectangular) end terminal, IPC_7351 nominal with elongated pad for handsoldering. (Body size source: http://www.tortai-tech.com/upload/download/2011102023233369053.pdf), generated with kicad-footprint-generator")
    (tags "resistor handsolder")
    (path /5BEFF80A)
    (attr smd)
    (fp_text reference R9 (at 0 1.43 90) (layer B.SilkS)
      (effects (font (size 1 1) (thickness 0.15)) (justify mirror))
    )
    (fp_text value 10k (at 0 -1.43 90) (layer B.Fab)
      (effects (font (size 1 1) (thickness 0.15)) (justify mirror))
    )
    (fp_line (start -0.8 -0.4) (end -0.8 0.4) (layer B.Fab) (width 0.1))
    (fp_line (start -0.8 0.4) (end 0.8 0.4) (layer B.Fab) (width 0.1))
    (fp_line (start 0.8 0.4) (end 0.8 -0.4) (layer B.Fab) (width 0.1))
    (fp_line (start 0.8 -0.4) (end -0.8 -0.4) (layer B.Fab) (width 0.1))
    (fp_line (start -0.171267 0.51) (end 0.171267 0.51) (layer B.SilkS) (width 0.12))
    (fp_line (start -0.171267 -0.51) (end 0.171267 -0.51) (layer B.SilkS) (width 0.12))
    (fp_line (start -1.65 -0.73) (end -1.65 0.73) (layer B.CrtYd) (width 0.05))
    (fp_line (start -1.65 0.73) (end 1.65 0.73) (layer B.CrtYd) (width 0.05))
    (fp_line (start 1.65 0.73) (end 1.65 -0.73) (layer B.CrtYd) (width 0.05))
    (fp_line (start 1.65 -0.73) (end -1.65 -0.73) (layer B.CrtYd) (width 0.05))
    (fp_text user %R (at 0.649 0 180) (layer B.Fab)
      (effects (font (size 0.4 0.4) (thickness 0.06)) (justify mirror))
    )
    (pad 1 smd roundrect (at -0.875 0 90) (size 1.05 0.95) (layers B.Cu B.Paste B.Mask) (roundrect_rratio 0.25)
      (net 7 VCC))
    (pad 2 smd roundrect (at 0.875 0 90) (size 1.05 0.95) (layers B.Cu B.Paste B.Mask) (roundrect_rratio 0.25)
      (net 15 SW5))
    (model ${KISYS3DMOD}/Resistor_SMD.3dshapes/R_0603_1608Metric.wrl
      (at (xyz 0 0 0))
      (scale (xyz 1 1 1))
      (rotate (xyz 0 0 0))
    )
  )

  (module Button_Switch_THT:SW_PUSH_6mm (layer F.Cu) (tedit 5A02FE31) (tstamp 5C009F0E)
    (at 71.75 76.75)
    (descr https://www.omron.com/ecb/products/pdf/en-b3f.pdf)
    (tags "tact sw push 6mm")
    (path /5BEF17B8)
    (fp_text reference SW1 (at 3.25 6.75) (layer F.SilkS)
      (effects (font (size 1 1) (thickness 0.15)))
    )
    (fp_text value SW_Push (at 3.75 6.7) (layer F.Fab)
      (effects (font (size 1 1) (thickness 0.15)))
    )
    (fp_text user %R (at 3.25 2.25) (layer F.Fab)
      (effects (font (size 1 1) (thickness 0.15)))
    )
    (fp_line (start 3.25 -0.75) (end 6.25 -0.75) (layer F.Fab) (width 0.1))
    (fp_line (start 6.25 -0.75) (end 6.25 5.25) (layer F.Fab) (width 0.1))
    (fp_line (start 6.25 5.25) (end 0.25 5.25) (layer F.Fab) (width 0.1))
    (fp_line (start 0.25 5.25) (end 0.25 -0.75) (layer F.Fab) (width 0.1))
    (fp_line (start 0.25 -0.75) (end 3.25 -0.75) (layer F.Fab) (width 0.1))
    (fp_line (start 7.75 6) (end 8 6) (layer F.CrtYd) (width 0.05))
    (fp_line (start 8 6) (end 8 5.75) (layer F.CrtYd) (width 0.05))
    (fp_line (start 7.75 -1.5) (end 8 -1.5) (layer F.CrtYd) (width 0.05))
    (fp_line (start 8 -1.5) (end 8 -1.25) (layer F.CrtYd) (width 0.05))
    (fp_line (start -1.5 -1.25) (end -1.5 -1.5) (layer F.CrtYd) (width 0.05))
    (fp_line (start -1.5 -1.5) (end -1.25 -1.5) (layer F.CrtYd) (width 0.05))
    (fp_line (start -1.5 5.75) (end -1.5 6) (layer F.CrtYd) (width 0.05))
    (fp_line (start -1.5 6) (end -1.25 6) (layer F.CrtYd) (width 0.05))
    (fp_line (start -1.25 -1.5) (end 7.75 -1.5) (layer F.CrtYd) (width 0.05))
    (fp_line (start -1.5 5.75) (end -1.5 -1.25) (layer F.CrtYd) (width 0.05))
    (fp_line (start 7.75 6) (end -1.25 6) (layer F.CrtYd) (width 0.05))
    (fp_line (start 8 -1.25) (end 8 5.75) (layer F.CrtYd) (width 0.05))
    (fp_line (start 1 5.5) (end 5.5 5.5) (layer F.SilkS) (width 0.12))
    (fp_line (start -0.25 1.5) (end -0.25 3) (layer F.SilkS) (width 0.12))
    (fp_line (start 5.5 -1) (end 1 -1) (layer F.SilkS) (width 0.12))
    (fp_line (start 6.75 3) (end 6.75 1.5) (layer F.SilkS) (width 0.12))
    (fp_circle (center 3.25 2.25) (end 1.25 2.5) (layer F.Fab) (width 0.1))
    (pad 2 thru_hole circle (at 0 4.5 90) (size 2 2) (drill 1.1) (layers *.Cu *.Mask)
      (net 8 SW1))
    (pad 1 thru_hole circle (at 0 0 90) (size 2 2) (drill 1.1) (layers *.Cu *.Mask)
      (net 4 GND))
    (pad 2 thru_hole circle (at 6.5 4.5 90) (size 2 2) (drill 1.1) (layers *.Cu *.Mask)
      (net 8 SW1))
    (pad 1 thru_hole circle (at 6.5 0 90) (size 2 2) (drill 1.1) (layers *.Cu *.Mask)
      (net 4 GND))
    (model ${KISYS3DMOD}/Button_Switch_THT.3dshapes/SW_PUSH_6mm.wrl
      (at (xyz 0 0 0))
      (scale (xyz 1 1 1))
      (rotate (xyz 0 0 0))
    )
  )

  (module Button_Switch_THT:SW_PUSH_6mm (layer F.Cu) (tedit 5A02FE31) (tstamp 5C02F3C3)
    (at 45.45 56.25)
    (descr https://www.omron.com/ecb/products/pdf/en-b3f.pdf)
    (tags "tact sw push 6mm")
    (path /5BEF204A)
    (fp_text reference SW2 (at 3.25 6.75) (layer F.SilkS)
      (effects (font (size 1 1) (thickness 0.15)))
    )
    (fp_text value SW_Push (at 3.75 6.7) (layer F.Fab)
      (effects (font (size 1 1) (thickness 0.15)))
    )
    (fp_circle (center 3.25 2.25) (end 1.250001 2.5) (layer F.Fab) (width 0.1))
    (fp_line (start 6.75 3) (end 6.75 1.5) (layer F.SilkS) (width 0.12))
    (fp_line (start 5.5 -1) (end 1 -1) (layer F.SilkS) (width 0.12))
    (fp_line (start -0.25 1.5) (end -0.25 3) (layer F.SilkS) (width 0.12))
    (fp_line (start 1 5.5) (end 5.5 5.5) (layer F.SilkS) (width 0.12))
    (fp_line (start 8 -1.25) (end 8 5.75) (layer F.CrtYd) (width 0.05))
    (fp_line (start 7.75 6) (end -1.25 6) (layer F.CrtYd) (width 0.05))
    (fp_line (start -1.5 5.75) (end -1.5 -1.25) (layer F.CrtYd) (width 0.05))
    (fp_line (start -1.25 -1.5) (end 7.75 -1.5) (layer F.CrtYd) (width 0.05))
    (fp_line (start -1.5 6) (end -1.25 6) (layer F.CrtYd) (width 0.05))
    (fp_line (start -1.5 5.75) (end -1.5 6) (layer F.CrtYd) (width 0.05))
    (fp_line (start -1.5 -1.5) (end -1.25 -1.5) (layer F.CrtYd) (width 0.05))
    (fp_line (start -1.5 -1.25) (end -1.5 -1.5) (layer F.CrtYd) (width 0.05))
    (fp_line (start 8 -1.5) (end 8 -1.25) (layer F.CrtYd) (width 0.05))
    (fp_line (start 7.75 -1.5) (end 8 -1.5) (layer F.CrtYd) (width 0.05))
    (fp_line (start 8 6) (end 8 5.75) (layer F.CrtYd) (width 0.05))
    (fp_line (start 7.75 6) (end 8 6) (layer F.CrtYd) (width 0.05))
    (fp_line (start 0.25 -0.75) (end 3.25 -0.75) (layer F.Fab) (width 0.1))
    (fp_line (start 0.25 5.25) (end 0.25 -0.75) (layer F.Fab) (width 0.1))
    (fp_line (start 6.25 5.25) (end 0.25 5.25) (layer F.Fab) (width 0.1))
    (fp_line (start 6.249999 -0.75) (end 6.25 5.25) (layer F.Fab) (width 0.1))
    (fp_line (start 3.25 -0.75) (end 6.249999 -0.75) (layer F.Fab) (width 0.1))
    (fp_text user %R (at 3.25 2.25) (layer F.Fab)
      (effects (font (size 1 1) (thickness 0.15)))
    )
    (pad 1 thru_hole circle (at 6.5 0 90) (size 2 2) (drill 1.1) (layers *.Cu *.Mask)
      (net 4 GND))
    (pad 2 thru_hole circle (at 6.5 4.499999 90) (size 2 2) (drill 1.1) (layers *.Cu *.Mask)
      (net 9 SW2))
    (pad 1 thru_hole circle (at 0 0 90) (size 2 2) (drill 1.1) (layers *.Cu *.Mask)
      (net 4 GND))
    (pad 2 thru_hole circle (at 0 4.5 90) (size 2 2) (drill 1.1) (layers *.Cu *.Mask)
      (net 9 SW2))
    (model ${KISYS3DMOD}/Button_Switch_THT.3dshapes/SW_PUSH_6mm.wrl
      (at (xyz 0 0 0))
      (scale (xyz 1 1 1))
      (rotate (xyz 0 0 0))
    )
  )

  (module Button_Switch_THT:SW_PUSH_6mm (layer F.Cu) (tedit 5A02FE31) (tstamp 5C008A65)
    (at 60.15 38.05)
    (descr https://www.omron.com/ecb/products/pdf/en-b3f.pdf)
    (tags "tact sw push 6mm")
    (path /5BEF2281)
    (fp_text reference SW3 (at 3.25 6.75) (layer F.SilkS)
      (effects (font (size 1 1) (thickness 0.15)))
    )
